2010-Jul-23 11:18:57.658116: info: ibus: Received: 68 17 E7 23 40 20 07 20 20 20 20 20 08 41 6E 74 68 65 6D 20 2F 20 54 20 94 
2010-Jul-23 11:18:59.182166: info: ibus: Received: 68 19 E7 23 40 20 07 20 20 20 20 20 08 46 4D 20 03 20 39 34 2E 32 04 20 20 20 C7 
2010-Jul-23 11:19:01.270247: info: ibus: Received: 68 19 E7 23 40 20 07 20 20 20 20 20 08 46 4D 20 03 20 39 34 2E 32 04 20 20 20 C7 
2010-Jul-23 11:19:03.358124: info: ibus: Received: 68 17 E7 23 40 20 07 20 20 20 20 20 08 53 57 52 32 20 52 50 20 20 54 20 C6 
2010-Jul-23 11:19:05.458276: info: ibus: Received: 68 17 E7 23 40 20 07 20 20 20 20 20 08 53 57 52 32 20 52 50 20 20 54 20 C6 
2010-Jul-23 11:19:06.802165: info: ibus: Received: 68 17 E7 23 40 20 07 20 20 20 20 20 08 53 57 52 32 20 52 50 20 20 54 20 C6 
2010-Jul-23 11:19:07.678241: info: ibus: Received: 68 17 E7 23 40 20 07 20 20 20 20 20 08 20 45 55 52 4F 50 41 20 20 54 20 BC 
2010-Jul-23 11:19:08.602126: info: ibus: Received: 68 17 E7 23 40 20 07 20 20 20 20 20 08 20 45 55 52 4F 50 41 20 20 54 50 CC 
2010-Jul-23 11:19:09.426104: info: ibus: Received: 68 17 E7 23 40 20 07 20 20 20 20 20 08 20 45 55 52 4F 50 41 20 20 54 20 BC 
2010-Jul-23 11:19:09.657949: info: ibus: Received: 68 17 E7 23 40 20 07 20 20 20 20 20 08 20 20 53 52 20 31 20 20 20 54 20 B0 
2010-Jul-23 11:19:10.694102: info: ibus: Received: 68 17 E7 23 C0 20 07 20 20 20 20 20 08 43 44 20 33 2D 30 37 20 20 20 20 4A 
2010-Jul-23 11:19:11.714114: info: ibus: Received: 68 17 E7 23 80 20 07 20 20 20 20 20 08 54 41 50 45 20 31 20 20 20 20 20 05 
2010-Jul-23 11:19:12.678108: info: ibus: Received: 68 17 E7 23 40 20 07 20 20 20 20 20 08 20 20 53 52 20 31 20 20 20 54 20 B0 
2010-Jul-23 11:19:13.174128: info: ibus: Received: 68 17 E7 23 40 20 07 20 20 20 20 20 08 20 45 55 52 4F 50 41 20 20 54 20 BC 
2010-Jul-23 11:19:14.118072: info: ibus: Received: 80 0E C0 23 01 20 03 31 31 3A 31 38 20 20 04 78 
2010-Jul-23 11:19:15.426084: info: ibus: Received: 80 0E C0 23 01 20 03 31 31 3A 31 38 20 20 04 78 
2010-Jul-23 11:19:15.458595: info: ibus: Received: C8 17 C0 23 05 20 50 49 4E 2D 43 4F 44 45 20 45 49 4E 47 45 42 45 4E 21 66 
2010-Jul-23 11:19:16.558118: info: ibus: Received: 68 17 E7 23 40 20 07 20 20 20 20 20 08 20 45 55 52 4F 50 41 20 20 54 20 BC 
2010-Jul-23 11:19:16.638083: info: ibus: Received: 80 0E C0 23 01 20 03 31 31 3A 31 38 20 20 04 78 
2010-Jul-23 11:19:17.350121: info: ibus: Received: 80 17 C0 23 05 20 56 45 52 42 32 20 03 31 31 2E 36 20 4C 2F 31 30 30 04 2D 
2010-Jul-23 11:19:19.470107: info: ibus: Received: 80 0E C0 23 01 20 03 31 31 3A 31 38 20 20 04 78 
2010-Jul-23 11:19:20.306248: info: ibus: Received: 68 17 E7 23 40 20 07 20 20 20 20 20 08 20 57 45 4C 4C 45 20 20 20 54 20 D7 
2010-Jul-23 11:19:21.142136: info: ibus: Received: 68 17 E7 23 40 20 07 20 20 20 20 20 08 20 20 47 41 4E 5A 20 20 20 54 20 B2 
// Scan for stations
												   68 0A E7 24 40 00 20 31 36 32 20 D4 

